*** Project 3 Benchmarks ***
--------------
NUMT = 1
>>>>>>>>>>>>>>
394.181
395.377
394.036
393.053
377.584
389.945
394.663
392.635
383.725
395.465
393.013
396.058
387.629
387.903
387.307
395.821
389.67
--------------
NUMT = 2
>>>>>>>>>>>>>>
193.678
152.69
190.23
186.828
206.937
174.383
185.323
157.613
156.386
158.317
181.391
174.662
172.526
156.439
178.955
392.052
382.016
--------------
NUMT = 4
>>>>>>>>>>>>>>
63.488
64.4363
63.8415
76.7012
74.837
100.329
116.702
179.124
119.454
139.202
165.841
156.438
150.948
160.506
189.984
343.864
298.259
*** Done ***
